0.1 1.64e-20
0.2 -1.28833e-19
0.3 -2.26383e-20
0.4 1.94071e-20
0.5 5.19672e-21
0.6 -3.00321e-20
0.7 1.84303e-19
0.8 1.52996e-19
0.9 5.79953e-20
1 2.52957e-19
755.156 1e-05
1508.15 2e-05
2260.96 3e-05
3013.51 4e-05
3765.82 5e-05
4517.89 6e-05
5269.71 7e-05
6021.29 8e-05
6772.62 9e-05
7523.7 0.0001
8274.54 0.00011
9025.12 0.00012
9775.45 0.00013
10525.5 0.00014
11275.3 0.00015
12024.6 0.00016
12774.5 0.00017
13523.7 0.00018
14272.5 0.00019
15020.9 0.0002
15769.3 0.00021
16517.4 0.00022
17265.2 0.00023
18012.8 0.00024
18760.2 0.00025
19507.3 0.00026
20254.3 0.00027
21001 0.00028
21747.6 0.00029
22494.3 0.0003
23241.5 0.00031
23988.3 0.00032
24734.7 0.00033
25480.8 0.00034
26226.8 0.00035
26973.2 0.00036
27719.2 0.00037
28464.9 0.00038
29210.3 0.00039
29955.9 0.0004
30702.1 0.00041
31448 0.00042
32193.8 0.00043
32939.6 0.00044
33685.1 0.00045
34430.6 0.00046
35176.1 0.00047
35921.6 0.00048
36666.8 0.00049
37411.7 0.0005
38156.5 0.00051
38900.8 0.00052
39645.1 0.00053
40389.2 0.00054
41133.9 0.00055
41878.7 0.00056
42623.3 0.00057
43367.5 0.00058
44111.4 0.00059
44855.1 0.0006
45598.9 0.00061
46342.4 0.00062
47085.9 0.00063
47829.1 0.00064
48572.2 0.00065
49315.2 0.00066
50057.7 0.00067
50800.3 0.00068
51536.8 0.00069
52209.5 0.0007
52867 0.00071
53522.9 0.00072
54178.4 0.00073
54829.8 0.00074
55486.2 0.00075
56141.2 0.00076
56795.9 0.00077
57450.6 0.00078
58105.2 0.00079
58759.7 0.0008
59413.9 0.00081
60068 0.00082
60722.3 0.00083
61374.7 0.00084
61998.6 0.00085
62619.6 0.00086
63239.2 0.00087
63858.2 0.00088
64470.7 0.00089
65052.8 0.0009
65607.3 0.00091
66153.5 0.00092
66694 0.00093
67234 0.00094
67761.4 0.00095
68307.2 0.00096
68848.3 0.00097
69386.4 0.00098
69924.8 0.00099
70462.4 0.001
71001.6 0.00101
71538.7 0.00102
72053.9 0.00103
72575.6 0.00104
73093.3 0.00105
73596.4 0.00106
74087.2 0.00107
74569.1 0.00108
75066.9 0.00109
75544.3 0.0011
76040.5 0.00111
76528.3 0.00112
77015.4 0.00113
77501.5 0.00114
77987.2 0.00115
78472.5 0.00116
78957.5 0.00117
79406.6 0.00118
79822.7 0.00119
80206 0.0012
80601.5 0.00121
80942.6 0.00122
81322.9 0.00123
81654.1 0.00124
82027.3 0.00125
82385.9 0.00126
82739.3 0.00127
83090.6 0.00128
83440.5 0.00129
83761.4 0.0013
84097.6 0.00131
84433.3 0.00132
84696.6 0.00133
84914.4 0.00134
85125.4 0.00135
85336.3 0.00136
85545.8 0.00137
85749.6 0.00138
86039.4 0.00139
86335.1 0.0014
86627.8 0.00141
86907 0.00142
87202.7 0.00143
87534.3 0.00144
87821.5 0.00145
88149.3 0.00146
88471.7 0.00147
88787.6 0.00148
89093.5 0.00149
89389.3 0.0015
89639.6 0.00151
89890.6 0.00152
90132.4 0.00153
90330.3 0.00154
90568.9 0.00155
90794 0.00156
91058.1 0.00157
91269.9 0.00158
91538.9 0.00159
91800.8 0.0016
92018.4 0.00161
92288.8 0.00162
92552.1 0.00163
92810.1 0.00164
93075.9 0.00165
93360.7 0.00166
93651.1 0.00167
93944.4 0.00168
94239.9 0.00169
94535.9 0.0017
94834.9 0.00171
95133.6 0.00172
95433.1 0.00173
95739.8 0.00174
96048.3 0.00175
96357.9 0.00176
96668.1 0.00177
96979.7 0.00178
97289 0.00179
97594.6 0.0018
97901.5 0.00181
98213.3 0.00182
98526.1 0.00183
98839 0.00184
99150.8 0.00185
99461.2 0.00186
99770.7 0.00187
100080 0.00188
100388 0.00189
100685 0.0019
100986 0.00191
101276 0.00192
101559 0.00193
101841 0.00194
102123 0.00195
102403 0.00196
102667 0.00197
102938 0.00198
103221 0.00199
103495 0.002
103766 0.00201
104033 0.00202
104296 0.00203
104536 0.00204
104782 0.00205
105045 0.00206
105281 0.00207
105527 0.00208
105776 0.00209
106039 0.0021
106281 0.00211
106542 0.00212
106797 0.00213
107035 0.00214
107281 0.00215
107540 0.00216
107794 0.00217
108041 0.00218
108275 0.00219
108528 0.0022
108775 0.00221
109005 0.00222
109252 0.00223
109489 0.00224
109722 0.00225
109953 0.00226
110185 0.00227
110416 0.00228
110647 0.00229
110878 0.0023
111109 0.00231
111342 0.00232
111576 0.00233
111811 0.00234
112046 0.00235
112283 0.00236
112519 0.00237
112755 0.00238
112993 0.00239
113230 0.0024
113468 0.00241
113705 0.00242
113942 0.00243
114179 0.00244
114415 0.00245
114651 0.00246
114886 0.00247
115120 0.00248
115352 0.00249
115583 0.0025
115814 0.00251
116044 0.00252
116275 0.00253
116506 0.00254
116739 0.00255
116970 0.00256
117201 0.00257
117429 0.00258
117655 0.00259
117877 0.0026
118095 0.00261
118310 0.00262
118526 0.00263
118739 0.00264
118951 0.00265
119159 0.00266
119365 0.00267
119568 0.00268
119769 0.00269
119968 0.0027
120166 0.00271
120368 0.00272
120570 0.00273
120774 0.00274
120979 0.00275
121183 0.00276
121387 0.00277
121592 0.00278
121796 0.00279
122001 0.0028
122206 0.00281
122411 0.00282
122617 0.00283
122825 0.00284
123036 0.00285
123249 0.00286
123463 0.00287
123677 0.00288
123892 0.00289
124110 0.0029
124332 0.00291
124553 0.00292
124772 0.00293
124991 0.00294
125212 0.00295
125432 0.00296
125650 0.00297
125866 0.00298
126079 0.00299
126289 0.003
126500 0.00301
126710 0.00302
126919 0.00303
127129 0.00304
127340 0.00305
127550 0.00306
127763 0.00307
127975 0.00308
128189 0.00309
128403 0.0031
128618 0.00311
128833 0.00312
129044 0.00313
129124 0.00314
129343 0.00315
129558 0.00316
129766 0.00317
129972 0.00318
130176 0.00319
130377 0.0032
130576 0.00321
130771 0.00322
130965 0.00323
131166 0.00324
131366 0.00325
131567 0.00326
131768 0.00327
131966 0.00328
132164 0.00329
132358 0.0033
132548 0.00331
132736 0.00332
132923 0.00333
133108 0.00334
133291 0.00335
133470 0.00336
133649 0.00337
133827 0.00338
134001 0.00339
134172 0.0034
134327 0.00341
134487 0.00342
134658 0.00343
134823 0.00344
134972 0.00345
135124 0.00346
135272 0.00347
135421 0.00348
135573 0.00349
135739 0.0035
135901 0.00351
136059 0.00352
136214 0.00353
136368 0.00354
136523 0.00355
136678 0.00356
136834 0.00357
136989 0.00358
137141 0.00359
137291 0.0036
137438 0.00361
137564 0.00362
137692 0.00363
137820 0.00364
137949 0.00365
138076 0.00366
138228 0.00367
138380 0.00368
138530 0.00369
138662 0.0037
138800 0.00371
138939 0.00372
139048 0.00373
139133 0.00374
139231 0.00375
139328 0.00376
139461 0.00377
139593 0.00378
139736 0.00379
139864 0.0038
139995 0.00381
140138 0.00382
140278 0.00383
140409 0.00384
140555 0.00385
140698 0.00386
140841 0.00387
140984 0.00388
141126 0.00389
141280 0.0039
141428 0.00391
141562 0.00392
141711 0.00393
141857 0.00394
141988 0.00395
142135 0.00396
142280 0.00397
142411 0.00398
142559 0.00399
142704 0.004
142847 0.00401
142988 0.00402
143117 0.00403
143262 0.00404
143404 0.00405
143544 0.00406
143671 0.00407
143816 0.00408
143948 0.00409
144097 0.0041
144219 0.00411
144346 0.00412
144465 0.00413
144567 0.00414
144685 0.00415
144793 0.00416
144952 0.00417
145094 0.00418
145235 0.00419
145374 0.0042
145512 0.00421
145649 0.00422
145794 0.00423
145937 0.00424
146077 0.00425
146216 0.00426
146353 0.00427
146488 0.00428
146623 0.00429
146758 0.0043
146891 0.00431
147026 0.00432
147159 0.00433
147292 0.00434
147424 0.00435
147554 0.00436
147684 0.00437
147812 0.00438
147940 0.00439
148068 0.0044
148195 0.00441
148320 0.00442
148446 0.00443
148570 0.00444
148693 0.00445
148815 0.00446
148936 0.00447
149055 0.00448
149174 0.00449
149291 0.0045
149407 0.00451
149522 0.00452
149636 0.00453
149748 0.00454
149858 0.00455
149968 0.00456
150075 0.00457
150182 0.00458
150287 0.00459
150391 0.0046
150495 0.00461
150597 0.00462
150697 0.00463
150796 0.00464
150894 0.00465
150990 0.00466
151086 0.00467
151180 0.00468
151273 0.00469
151364 0.0047
151455 0.00471
151544 0.00472
151633 0.00473
151720 0.00474
151807 0.00475
151894 0.00476
151979 0.00477
152064 0.00478
152148 0.00479
152232 0.0048
152315 0.00481
152398 0.00482
152480 0.00483
152563 0.00484
152645 0.00485
152728 0.00486
152809 0.00487
152890 0.00488
152970 0.00489
153050 0.0049
153129 0.00491
153207 0.00492
153285 0.00493
153361 0.00494
153436 0.00495
153511 0.00496
153585 0.00497
153658 0.00498
153731 0.00499
153803 0.005
153874 0.00501
153945 0.00502
154016 0.00503
154086 0.00504
154155 0.00505
154224 0.00506
154291 0.00507
154359 0.00508
154426 0.00509
154493 0.0051
154559 0.00511
154623 0.00512
154686 0.00513
154749 0.00514
154811 0.00515
154871 0.00516
154929 0.00517
154985 0.00518
155036 0.00519
155085 0.0052
155130 0.00521
155173 0.00522
155212 0.00523
155247 0.00524
155278 0.00525
155306 0.00526
155330 0.00527
155346 0.00528
155359 0.00529
155363 0.0053
155364 0.00531
155360 0.00532
155353 0.00533
155350 0.00534
155348 0.00535
155348 0.00536
155352 0.00537
155364 0.00538
155335 0.00539
155382 0.0054
155388 0.00541
155413 0.00542
155478 0.00543
155536 0.00544
155590 0.00545
155639 0.00546
155688 0.00547
155736 0.00548
155784 0.00549
155833 0.0055
155885 0.00551
155937 0.00552
155990 0.00553
156043 0.00554
156097 0.00555
156150 0.00556
156204 0.00557
156259 0.00558
156313 0.00559
156367 0.0056
156423 0.00561
156478 0.00562
156533 0.00563
156588 0.00564
156644 0.00565
156699 0.00566
156754 0.00567
156810 0.00568
156865 0.00569
156921 0.0057
156977 0.00571
157032 0.00572
157087 0.00573
157142 0.00574
157197 0.00575
157253 0.00576
157309 0.00577
157364 0.00578
157420 0.00579
157476 0.0058
157532 0.00581
157587 0.00582
157643 0.00583
157698 0.00584
157753 0.00585
157808 0.00586
157864 0.00587
157919 0.00588
157974 0.00589
158029 0.0059
158084 0.00591
158139 0.00592
158194 0.00593
158248 0.00594
158301 0.00595
158354 0.00596
158407 0.00597
158459 0.00598
158512 0.00599
158564 0.006
158616 0.00601
158668 0.00602
158721 0.00603
158773 0.00604
158825 0.00605
158877 0.00606
158929 0.00607
158981 0.00608
159033 0.00609
159084 0.0061
159136 0.00611
159188 0.00612
159239 0.00613
159290 0.00614
159341 0.00615
159392 0.00616
159443 0.00617
159494 0.00618
159545 0.00619
159596 0.0062
159646 0.00621
159697 0.00622
159747 0.00623
159798 0.00624
159848 0.00625
159898 0.00626
159947 0.00627
159995 0.00628
160042 0.00629
160088 0.0063
160134 0.00631
160179 0.00632
160224 0.00633
160269 0.00634
160314 0.00635
160358 0.00636
160403 0.00637
160447 0.00638
160491 0.00639
160535 0.0064
160579 0.00641
160622 0.00642
160666 0.00643
160709 0.00644
160753 0.00645
160796 0.00646
160839 0.00647
160882 0.00648
160925 0.00649
160967 0.0065
161010 0.00651
161052 0.00652
161094 0.00653
161136 0.00654
161178 0.00655
161219 0.00656
161259 0.00657
161298 0.00658
161337 0.00659
161375 0.0066
161412 0.00661
161449 0.00662
161486 0.00663
161522 0.00664
161557 0.00665
161593 0.00666
161628 0.00667
161664 0.00668
161699 0.00669
161734 0.0067
161768 0.00671
161802 0.00672
161836 0.00673
161870 0.00674
161903 0.00675
161936 0.00676
161968 0.00677
161999 0.00678
162030 0.00679
162060 0.0068
162090 0.00681
162120 0.00682
162150 0.00683
162181 0.00684
162213 0.00685
162244 0.00686
162276 0.00687
162307 0.00688
162339 0.00689
162370 0.0069
162401 0.00691
162431 0.00692
162461 0.00693
162491 0.00694
162522 0.00695
162552 0.00696
162581 0.00697
162611 0.00698
162642 0.00699
162674 0.007
162706 0.00701
162739 0.00702
162772 0.00703
162805 0.00704
162838 0.00705
162871 0.00706
162906 0.00707
162941 0.00708
162977 0.00709
163013 0.0071
163049 0.00711
163086 0.00712
163123 0.00713
163161 0.00714
163200 0.00715
163238 0.00716
163277 0.00717
163315 0.00718
163354 0.00719
163392 0.0072
163431 0.00721
163469 0.00722
163507 0.00723
163545 0.00724
163583 0.00725
163620 0.00726
163658 0.00727
163695 0.00728
163733 0.00729
163771 0.0073
163808 0.00731
163845 0.00732
163882 0.00733
163919 0.00734
163956 0.00735
163993 0.00736
164029 0.00737
164066 0.00738
164103 0.00739
164139 0.0074
164176 0.00741
164212 0.00742
164248 0.00743
164284 0.00744
164321 0.00745
164357 0.00746
164393 0.00747
164429 0.00748
164465 0.00749
164500 0.0075
164536 0.00751
164572 0.00752
164607 0.00753
164642 0.00754
164677 0.00755
164712 0.00756
164747 0.00757
164782 0.00758
164817 0.00759
164851 0.0076
164886 0.00761
164920 0.00762
164954 0.00763
164988 0.00764
165022 0.00765
165056 0.00766
165090 0.00767
165123 0.00768
165157 0.00769
165190 0.0077
165224 0.00771
165257 0.00772
165290 0.00773
165323 0.00774
165356 0.00775
165389 0.00776
165422 0.00777
165454 0.00778
165487 0.00779
165519 0.0078
165551 0.00781
165583 0.00782
165616 0.00783
165647 0.00784
165679 0.00785
165711 0.00786
165743 0.00787
165774 0.00788
165805 0.00789
165837 0.0079
165868 0.00791
165899 0.00792
165930 0.00793
165961 0.00794
165991 0.00795
166022 0.00796
166052 0.00797
166082 0.00798
166112 0.00799
166142 0.008
166172 0.00801
166201 0.00802
166231 0.00803
166260 0.00804
166289 0.00805
166318 0.00806
166347 0.00807
166376 0.00808
166405 0.00809
166433 0.0081
166462 0.00811
166490 0.00812
166518 0.00813
166545 0.00814
166573 0.00815
166600 0.00816
166628 0.00817
166654 0.00818
166681 0.00819
166708 0.0082
166734 0.00821
166761 0.00822
166787 0.00823
166813 0.00824
166838 0.00825
166864 0.00826
166889 0.00827
166913 0.00828
166936 0.00829
166959 0.0083
166982 0.00831
167004 0.00832
167025 0.00833
167046 0.00834
167066 0.00835
167083 0.00836
167098 0.00837
167113 0.00838
167128 0.00839
167143 0.0084
167156 0.00841
167170 0.00842
167183 0.00843
167198 0.00844
167212 0.00845
167226 0.00846
167240 0.00847
167254 0.00848
167268 0.00849
167281 0.0085
167296 0.00851
167310 0.00852
167325 0.00853
167339 0.00854
167354 0.00855
167368 0.00856
167382 0.00857
167396 0.00858
167410 0.00859
167424 0.0086
167438 0.00861
167452 0.00862
167466 0.00863
167480 0.00864
167495 0.00865
167509 0.00866
167523 0.00867
167538 0.00868
167553 0.00869
167567 0.0087
167580 0.00871
167594 0.00872
167608 0.00873
167622 0.00874
167637 0.00875
167651 0.00876
167665 0.00877
167680 0.00878
167695 0.00879
167709 0.0088
167724 0.00881
167739 0.00882
167754 0.00883
167769 0.00884
167784 0.00885
167799 0.00886
167814 0.00887
167829 0.00888
167843 0.00889
167858 0.0089
167873 0.00891
167887 0.00892
167902 0.00893
167916 0.00894
167931 0.00895
167946 0.00896
167960 0.00897
167975 0.00898
167989 0.00899
168004 0.009
168018 0.00901
168033 0.00902
168047 0.00903
168062 0.00904
168076 0.00905
168091 0.00906
168105 0.00907
168119 0.00908
168134 0.00909
168149 0.0091
168163 0.00911
168178 0.00912
168191 0.00913
168205 0.00914
168218 0.00915
168232 0.00916
168246 0.00917
168260 0.00918
168274 0.00919
168288 0.0092
168302 0.00921
168316 0.00922
168330 0.00923
168343 0.00924
168357 0.00925
168370 0.00926
168384 0.00927
168398 0.00928
168411 0.00929
168425 0.0093
168438 0.00931
168452 0.00932
168465 0.00933
168479 0.00934
168492 0.00935
168505 0.00936
168519 0.00937
168533 0.00938
168546 0.00939
168560 0.0094
168574 0.00941
168587 0.00942
168601 0.00943
168614 0.00944
168627 0.00945
168641 0.00946
168654 0.00947
168667 0.00948
168681 0.00949
168694 0.0095
168707 0.00951
168720 0.00952
168733 0.00953
168747 0.00954
168760 0.00955
168773 0.00956
168786 0.00957
168799 0.00958
168812 0.00959
168825 0.0096
168837 0.00961
168850 0.00962
168863 0.00963
168876 0.00964
168889 0.00965
168901 0.00966
168914 0.00967
168927 0.00968
168939 0.00969
168952 0.0097
168964 0.00971
168977 0.00972
168989 0.00973
169002 0.00974
169014 0.00975
169027 0.00976
169039 0.00977
169051 0.00978
169064 0.00979
169076 0.0098
169088 0.00981
169101 0.00982
169113 0.00983
169125 0.00984
169137 0.00985
169149 0.00986
169161 0.00987
169173 0.00988
169185 0.00989
169197 0.0099
169209 0.00991
169221 0.00992
169233 0.00993
169245 0.00994
169257 0.00995
169269 0.00996
169281 0.00997
169293 0.00998
169304 0.00999
169316 0.01
169328 0.01001
169339 0.01002
169350 0.01003
169362 0.01004
169373 0.01005
169384 0.01006
169395 0.01007
169406 0.01008
169417 0.01009
169428 0.0101
169439 0.01011
169450 0.01012
169461 0.01013
169472 0.01014
169483 0.01015
169494 0.01016
169505 0.01017
169515 0.01018
169526 0.01019
169537 0.0102
169548 0.01021
169558 0.01022
169569 0.01023
169579 0.01024
169590 0.01025
169601 0.01026
169611 0.01027
169622 0.01028
169632 0.01029
169643 0.0103
169653 0.01031
169664 0.01032
169674 0.01033
169685 0.01034
169695 0.01035
169706 0.01036
169716 0.01037
169726 0.01038
169737 0.01039
169747 0.0104
169757 0.01041
169768 0.01042
169778 0.01043
169788 0.01044
169799 0.01045
169809 0.01046
169819 0.01047
169829 0.01048
169840 0.01049
169850 0.0105
169860 0.01051
169870 0.01052
169881 0.01053
169891 0.01054
169901 0.01055
169911 0.01056
169921 0.01057
169931 0.01058
169941 0.01059
169951 0.0106
169961 0.01061
169971 0.01062
169981 0.01063
169991 0.01064
170001 0.01065
170011 0.01066
170021 0.01067
170029 0.01068
170038 0.01069
170047 0.0107
170056 0.01071
170065 0.01072
170074 0.01073
170083 0.01074
169942 0.01075
170018 0.01076
170060 0.01077
170085 0.01078
170103 0.01079
170118 0.0108
170132 0.01081
170144 0.01082
170155 0.01083
170165 0.01084
170175 0.01085
170185 0.01086
170194 0.01087
170203 0.01088
170213 0.01089
170222 0.0109
170231 0.01091
170239 0.01092
170248 0.01093
170257 0.01094
170265 0.01095
170274 0.01096
170282 0.01097
170291 0.01098
170299 0.01099
170308 0.011
170316 0.01101
170324 0.01102
170292 0.01103
170324 0.01104
170339 0.01105
170349 0.01106
170359 0.01107
170369 0.01108
170378 0.01109
170387 0.0111
170396 0.01111
170404 0.01112
170412 0.01113
170421 0.01114
170430 0.01115
170439 0.01116
170447 0.01117
170456 0.01118
170464 0.01119
170472 0.0112
170481 0.01121
170489 0.01122
170498 0.01123
170506 0.01124
170515 0.01125
170523 0.01126
170531 0.01127
170539 0.01128
170547 0.01129
170555 0.0113
170563 0.01131
170571 0.01132
170578 0.01133
170585 0.01134
170593 0.01135
170600 0.01136
170608 0.01137
170616 0.01138
170624 0.01139
170632 0.0114
170640 0.01141
170648 0.01142
170656 0.01143
170664 0.01144
170671 0.01145
170679 0.01146
170687 0.01147
170695 0.01148
170703 0.01149
170711 0.0115
170719 0.01151
170726 0.01152
170734 0.01153
170742 0.01154
170750 0.01155
170758 0.01156
170765 0.01157
170773 0.01158
170781 0.01159
170789 0.0116
170797 0.01161
170805 0.01162
170813 0.01163
170820 0.01164
170828 0.01165
170836 0.01166
170844 0.01167
170852 0.01168
170860 0.01169
170868 0.0117
170876 0.01171
170884 0.01172
170892 0.01173
170900 0.01174
170907 0.01175
170914 0.01176
170921 0.01177
170928 0.01178
170934 0.01179
170940 0.0118
170947 0.01181
170953 0.01182
170960 0.01183
170967 0.01184
170974 0.01185
170981 0.01186
170988 0.01187
170995 0.01188
171002 0.01189
171009 0.0119
171016 0.01191
171023 0.01192
171030 0.01193
171038 0.01194
171045 0.01195
171052 0.01196
171059 0.01197
171066 0.01198
171072 0.01199
171079 0.012
171086 0.01201
171093 0.01202
171100 0.01203
171108 0.01204
171115 0.01205
171122 0.01206
171129 0.01207
171136 0.01208
171144 0.01209
171151 0.0121
171158 0.01211
171166 0.01212
171173 0.01213
171180 0.01214
171187 0.01215
171195 0.01216
171202 0.01217
171209 0.01218
171217 0.01219
171224 0.0122
171232 0.01221
171239 0.01222
171247 0.01223
171254 0.01224
171262 0.01225
171270 0.01226
171277 0.01227
171285 0.01228
171292 0.01229
171300 0.0123
171308 0.01231
171316 0.01232
171323 0.01233
171331 0.01234
171339 0.01235
171346 0.01236
171354 0.01237
171362 0.01238
171370 0.01239
171378 0.0124
171385 0.01241
171393 0.01242
171401 0.01243
171409 0.01244
171417 0.01245
171425 0.01246
171433 0.01247
171441 0.01248
171450 0.01249
171458 0.0125
171466 0.01251
171474 0.01252
171483 0.01253
171491 0.01254
171500 0.01255
171509 0.01256
171518 0.01257
171526 0.01258
171535 0.01259
171544 0.0126
171553 0.01261
171562 0.01262
171571 0.01263
171579 0.01264
171588 0.01265
171597 0.01266
171606 0.01267
171615 0.01268
171624 0.01269
171634 0.0127
171643 0.01271
171652 0.01272
171661 0.01273
171670 0.01274
171679 0.01275
171689 0.01276
171698 0.01277
171708 0.01278
171717 0.01279
171727 0.0128
171736 0.01281
171746 0.01282
171755 0.01283
171765 0.01284
171775 0.01285
171785 0.01286
171795 0.01287
171805 0.01288
171815 0.01289
171825 0.0129
171835 0.01291
171844 0.01292
171854 0.01293
171863 0.01294
171874 0.01295
171883 0.01296
171893 0.01297
171902 0.01298
171912 0.01299
171922 0.013
171932 0.01301
171942 0.01302
171952 0.01303
171961 0.01304
171971 0.01305
171980 0.01306
171991 0.01307
172000 0.01308
172010 0.01309
172019 0.0131
172030 0.01311
172039 0.01312
172050 0.01313
172059 0.01314
172070 0.01315
172079 0.01316
172090 0.01317
172099 0.01318
172110 0.01319
172120 0.0132
172131 0.01321
172140 0.01322
172151 0.01323
172160 0.01324
172171 0.01325
172181 0.01326
172192 0.01327
172202 0.01328
172213 0.01329
172223 0.0133
172234 0.01331
172102 0.01332
172139 0.01333
172194 0.01334
172227 0.01335
172255 0.01336
172275 0.01337
172295 0.01338
172310 0.01339
172327 0.0134
172341 0.01341
172356 0.01342
172368 0.01343
172383 0.01344
172395 0.01345
172409 0.01346
172421 0.01347
172435 0.01348
172447 0.01349
172461 0.0135
172473 0.01351
172487 0.01352
172499 0.01353
172514 0.01354
172526 0.01355
172540 0.01356
172553 0.01357
172568 0.01358
172582 0.01359
172598 0.0136
172613 0.01361
172629 0.01362
172643 0.01363
172659 0.01364
172673 0.01365
172689 0.01366
172703 0.01367
172719 0.01368
172733 0.01369
172750 0.0137
172764 0.01371
172780 0.01372
172795 0.01373
172811 0.01374
172826 0.01375
172843 0.01376
172857 0.01377
172874 0.01378
172889 0.01379
172906 0.0138
172921 0.01381
172938 0.01382
172953 0.01383
172971 0.01384
172986 0.01385
173003 0.01386
173019 0.01387
173037 0.01388
173052 0.01389
173070 0.0139
173086 0.01391
173104 0.01392
173120 0.01393
173139 0.01394
173155 0.01395
173173 0.01396
173189 0.01397
173208 0.01398
173224 0.01399
173243 0.014
173260 0.01401
173278 0.01402
173295 0.01403
173313 0.01404
173330 0.01405
173349 0.01406
173366 0.01407
173384 0.01408
173402 0.01409
173420 0.0141
173438 0.01411
173456 0.01412
173474 0.01413
173492 0.01414
173510 0.01415
173529 0.01416
173547 0.01417
173565 0.01418
173583 0.01419
173602 0.0142
173620 0.01421
173639 0.01422
173657 0.01423
173676 0.01424
173695 0.01425
173713 0.01426
173732 0.01427
173751 0.01428
173770 0.01429
173789 0.0143
173808 0.01431
173827 0.01432
173846 0.01433
173866 0.01434
173884 0.01435
173904 0.01436
173923 0.01437
173942 0.01438
173961 0.01439
173981 0.0144
174000 0.01441
174020 0.01442
174039 0.01443
174059 0.01444
174079 0.01445
174099 0.01446
174118 0.01447
174138 0.01448
174158 0.01449
174178 0.0145
174197 0.01451
174218 0.01452
174238 0.01453
174258 0.01454
174278 0.01455
174298 0.01456
174318 0.01457
174339 0.01458
174230 0.01459
174299 0.0146
174346 0.01461
174382 0.01462
174412 0.01463
174440 0.01464
174465 0.01465
174490 0.01466
174513 0.01467
174537 0.01468
174558 0.01469
174580 0.0147
174603 0.01471
174625 0.01472
174646 0.01473
174667 0.01474
174688 0.01475
174709 0.01476
174730 0.01477
174751 0.01478
174772 0.01479
174793 0.0148
174813 0.01481
174834 0.01482
174857 0.01483
174875 0.01484
174898 0.01485
174858 0.01486
174902 0.01487
174841 0.01488
174906 0.01489
174829 0.0149
174851 0.01491
174882 0.01492
174967 0.01493
175007 0.01494
175038 0.01495
175042 0.01496
175074 0.01497
175076 0.01498
175067 0.01499
175069 0.015
175072 0.01501
175052 0.01502
175093 0.01503
175079 0.01504
175074 0.01505
174978 0.01506
175025 0.01507
175095 0.01508
175162 0.01509
175214 0.0151
175257 0.01511
175293 0.01512
175325 0.01513
175354 0.01514
175381 0.01515
175406 0.01516
175430 0.01517
175453 0.01518
175475 0.01519
175497 0.0152
175519 0.01521
175541 0.01522
175563 0.01523
175585 0.01524
175606 0.01525
175628 0.01526
175649 0.01527
175671 0.01528
175692 0.01529
175713 0.0153
175734 0.01531
175756 0.01532
175777 0.01533
175796 0.01534
175817 0.01535
175839 0.01536
175860 0.01537
175846 0.01538
175883 0.01539
175910 0.0154
175936 0.01541
175958 0.01542
175979 0.01543
175964 0.01544
176005 0.01545
176032 0.01546
176057 0.01547
176081 0.01548
176106 0.01549
176130 0.0155
176153 0.01551
176176 0.01552
176199 0.01553
176221 0.01554
176243 0.01555
176265 0.01556
176286 0.01557
176308 0.01558
176329 0.01559
176350 0.0156
176371 0.01561
176391 0.01562
176411 0.01563
176431 0.01564
176359 0.01565
176364 0.01566
176322 0.01567
176399 0.01568
176422 0.01569
176477 0.0157
176517 0.01571
176552 0.01572
176582 0.01573
176611 0.01574
176637 0.01575
176662 0.01576
176576 0.01577
176607 0.01578
176662 0.01579
176609 0.0158
176677 0.01581
176725 0.01582
176764 0.01583
176718 0.01584
176778 0.01585
176727 0.01586
176795 0.01587
176813 0.01588
176864 0.01589
176902 0.0159
176936 0.01591
176932 0.01592
176876 0.01593
176915 0.01594
176973 0.01595
177015 0.01596
177049 0.01597
177080 0.01598
177108 0.01599
177072 0.016
177044 0.01601
177078 0.01602
177135 0.01603
177145 0.01604
177192 0.01605
177170 0.01606
177225 0.01607
177171 0.01608
177238 0.01609
177283 0.0161
177265 0.01611
177319 0.01612
177271 0.01613
177336 0.01614
177353 0.01615
177402 0.01616
177386 0.01617
177440 0.01618
177390 0.01619
177456 0.0162
177472 0.01621
177522 0.01622
177505 0.01623
177559 0.01624
177509 0.01625
177575 0.01626
177592 0.01627
177641 0.01628
177624 0.01629
177679 0.0163
177628 0.01631
177694 0.01632
177688 0.01633
177746 0.01634
177719 0.01635
177782 0.01636
177795 0.01637
177843 0.01638
177808 0.01639
177868 0.0164
177820 0.01641
177889 0.01642
177908 0.01643
177958 0.01644
177926 0.01645
177987 0.01646
177940 0.01647
178009 0.01648
178027 0.01649
178077 0.0165
178085 0.01651
178062 0.01652
178075 0.01653
178113 0.01654
178119 0.01655
178178 0.01656
178155 0.01657
178220 0.01658
178190 0.01659
178256 0.0166
178231 0.01661
178294 0.01662
178288 0.01663
178285 0.01664
178305 0.01665
178346 0.01666
178355 0.01667
178373 0.01668
178375 0.01669
178442 0.0167
178442 0.01671
178441 0.01672
178463 0.01673
178486 0.01674
178525 0.01675
178520 0.01676
178562 0.01677
178557 0.01678
178620 0.01679
178620 0.0168
178594 0.01681
178627 0.01682
178656 0.01683
178680 0.01684
178701 0.01685
178722 0.01686
178741 0.01687
178763 0.01688
178755 0.01689
178805 0.0169
178822 0.01691
178796 0.01692
178799 0.01693
178830 0.01694
178853 0.01695
178856 0.01696
178849 0.01697
178940 0.01698
179003 0.01699
178976 0.017
178956 0.01701
178983 0.01702
178993 0.01703
178999 0.01704
179036 0.01705
179017 0.01706
179092 0.01707
179127 0.01708
179120 0.01709
179124 0.0171
179142 0.01711
179156 0.01712
179176 0.01713
179191 0.01714
179206 0.01715
179219 0.01716
179226 0.01717
179271 0.01718
179274 0.01719
179297 0.0172
179332 0.01721
179330 0.01722
179305 0.01723
179400 0.01724
179443 0.01725
179410 0.01726
179416 0.01727
179429 0.01728
179450 0.01729
179464 0.0173
179485 0.01731
179494 0.01732
179518 0.01733
179524 0.01734
179557 0.01735
179558 0.01736
179587 0.01737
179596 0.01738
179583 0.01739
179665 0.0174
179685 0.01741
179665 0.01742
179675 0.01743
179689 0.01744
179715 0.01745
179720 0.01746
179735 0.01747
179748 0.01748
179763 0.01749
179781 0.0175
179803 0.01751
179811 0.01752
179827 0.01753
179845 0.01754
179812 0.01755
179902 0.01756
179960 0.01757
179917 0.01758
179929 0.01759
179931 0.0176
179953 0.01761
179957 0.01762
179981 0.01763
179991 0.01764
180013 0.01765
180021 0.01766
180047 0.01767
180057 0.01768
180077 0.01769
180078 0.0177
180106 0.01771
180116 0.01772
180132 0.01773
180140 0.01774
180148 0.01775
180180 0.01776
180190 0.01777
180198 0.01778
180214 0.01779
180193 0.0178
180276 0.01781
180333 0.01782
180258 0.01783
180279 0.01784
180290 0.01785
180307 0.01786
180316 0.01787
180342 0.01788
180336 0.01789
180361 0.0179
180376 0.01791
180376 0.01792
180410 0.01793
180400 0.01794
180424 0.01795
180421 0.01796
180447 0.01797
180478 0.01798
180475 0.01799
180467 0.018
180524 0.01801
180505 0.01802
180531 0.01803
180548 0.01804
180556 0.01805
180568 0.01806
180584 0.01807
180587 0.01808
180615 0.01809
180597 0.0181
180641 0.01811
180647 0.01812
180657 0.01813
180665 0.01814
180676 0.01815
180720 0.01816
180691 0.01817
180735 0.01818
180730 0.01819
180756 0.0182
180740 0.01821
180782 0.01822
180794 0.01823
180792 0.01824
180807 0.01825
180803 0.01826
180842 0.01827
180853 0.01828
180863 0.01829
180881 0.0183
180878 0.01831
180916 0.01832
180889 0.01833
180936 0.01834
180956 0.01835
180949 0.01836
180947 0.01837
181005 0.01838
180963 0.01839
181005 0.0184
181036 0.01841
181026 0.01842
181049 0.01843
181026 0.01844
181073 0.01845
181115 0.01846
181082 0.01847
181112 0.01848
181137 0.01849
181126 0.0185
181155 0.01851
181122 0.01852
181172 0.01853
181215 0.01854
181197 0.01855
181217 0.01856
181187 0.01857
181234 0.01858
181289 0.01859
181275 0.0186
181258 0.01861
181305 0.01862
181272 0.01863
181314 0.01864
181347 0.01865
181336 0.01866
181365 0.01867
181336 0.01868
181383 0.01869
181423 0.0187
181408 0.01871
181430 0.01872
181389 0.01873
181435 0.01874
181491 0.01875
181489 0.01876
181486 0.01877
181491 0.01878
181481 0.01879
181519 0.0188
181565 0.01881
181554 0.01882
181578 0.01883
181531 0.01884
181579 0.01885
181640 0.01886
181645 0.01887
181613 0.01888
181662 0.01889
181612 0.0189
181669 0.01891
181689 0.01892
181765 0.01893
181695 0.01894
181754 0.01895
181795 0.01896
181786 0.01897
181800 0.01898
181793 0.01899
181834 0.019
181814 0.01901
181847 0.01902
181878 0.01903
181869 0.01904
181899 0.01905
181909 0.01906
181939 0.01907
181895 0.01908
181939 0.01909
181999 0.0191
182012 0.01911
182002 0.01912
182027 0.01913
181971 0.01914
182021 0.01915
182098 0.01916
182089 0.01917
182120 0.01918
182107 0.01919
182121 0.0192
182069 0.01921
182124 0.01922
182184 0.01923
182187 0.01924
182219 0.01925
182185 0.01926
182248 0.01927
182243 0.01928
182266 0.01929
182272 0.0193
182275 0.01931
182339 0.01932
182314 0.01933
182310 0.01934
182315 0.01935
182375 0.01936
182283 0.01937
182324 0.01938
182365 0.01939
182418 0.0194
182398 0.01941
182423 0.01942
182418 0.01943
182440 0.01944
182446 0.01945
182398 0.01946
182444 0.01947
182505 0.01948
182514 0.01949
182512 0.0195
182529 0.01951
182478 0.01952
182526 0.01953
182589 0.01954
182612 0.01955
182624 0.01956
182629 0.01957
182631 0.01958
182654 0.01959
182656 0.0196
182673 0.01961
182688 0.01962
182733 0.01963
182651 0.01964
182719 0.01965
182795 0.01966
182758 0.01967
182814 0.01968
182836 0.01969
182845 0.0197
182848 0.01971
182838 0.01972
182875 0.01973
182900 0.01974
182806 0.01975
182882 0.01976
182959 0.01977
182944 0.01978
182993 0.01979
182996 0.0198
183038 0.01981
183027 0.01982
183058 0.01983
183068 0.01984
183062 0.01985
183083 0.01986
183089 0.01987
183104 0.01988
183127 0.01989
183139 0.0199
183154 0.01991
183189 0.01992
183182 0.01993
183188 0.01994
183250 0.01995
183235 0.01996
183257 0.01997
183277 0.01998
183315 0.01999
